INFO:root:加载数据集 ../@_DATASETs/reuters-21578_en_ml/ 配置为 (num_examples=100, set_type=train)
INFO:root:返回 100 条 train 样本, 标签集与文本数为: [((0,), 36), ((1,), 16), ((5,), 6), ((6, 2), 3), ((4,), 3), ((14,), 3), ((10, 2), 3), ((3, 8), 3), ((2,), 2), ((36,), 2), ((26,), 2), ((6, 2, 11), 1), ((22, 15), 1), ((11,), 1), ((3, 29), 1), ((4, 0, 32), 1), ((23,), 1), ((4, 32, 19, 45), 1), ((31,), 1), ((37, 49, 85), 1), ((27,), 1), ((4, 32), 1), ((13,), 1), ((4, 7), 1), ((25, 21), 1), ((6,), 1), ((2, 5), 1), ((52, 55, 75, 71), 1), ((1, 43), 1), ((3,), 1), ((4, 52, 32), 1), ((20, 5), 1)]
INFO:root:加载数据集 ../@_DATASETs/reuters-21578_en_ml/ 配置为 (num_examples=20, set_type=dev)
INFO:root:返回 20 条 dev 样本, 标签集与文本数为: [((1,), 5), ((5,), 2), ((0,), 2), ((45,), 1), ((3, 7), 1), ((15,), 1), ((25, 21), 1), ((4, 7), 1), ((3, 7, 8), 1), ((14,), 1), ((2, 81), 1), ((20,), 1), ((42,), 1), ((1, 4, 19), 1)]
INFO:root:加载数据集 ../@_DATASETs/reuters-21578_en_ml/ 配置为 (num_examples=20, set_type=test)
INFO:root:返回 20 条 test 样本, 标签集与文本数为: [((0,), 8), ((5,), 2), ((1,), 2), ((42,), 1), ((31,), 1), ((25, 5), 1), ((13,), 1), ((9, 30, 3, 37, 12, 49, 51, 18, 16, 8), 1), ((6,), 1), ((2,), 1), ((6, 2), 1)]
INFO:root:Writing example 0
INFO:root:--- Example 0 ---
INFO:root:input_ids         = ['[CLS]', 'bank', 'of', 'france', 'leaves', 'intervention', 'rate', 'unchanged', 'the', 'bank', 'of', 'france', 'said', 'it', 'left', 'its', 'intervention', 'rate', 'unchanged', 'at', '(', '[MASK]', ')', '[SEP]']
attention_mask    = [1, 1, 1, 1, 1, 1, 1, 1, 1, 1, 1, 1, 1, 1, 1, 1, 1, 1, 1, 1, 1, 1, 1, 1]
token_type_ids    = [0, 0, 0, 0, 0, 0, 0, 0, 0, 0, 0, 0, 0, 0, 0, 0, 0, 0, 0, 0, 0, 0, 0, 0]
mlm_labels        = [-1, -1, -1, -1, -1, -1, -1, -1, -1, -1, -1, -1, -1, -1, -1, -1, -1, -1, -1, -1, -1, 1, -1, -1]
encode_label      = [0, 0, 1, 0, 0, 0, 1, 0, 0, 0, 0, 0, 0, 0, 0, 0, 0, 0, 0, 0, 0, 0, 0, 0, 0, 0, 0, 0, 0, 0, 0, 0, 0, 0, 0, 0, 0, 0, 0, 0, 0, 0, 0, 0, 0, 0, 0, 0, 0, 0, 0, 0, 0, 0, 0, 0, 0, 0, 0, 0, 0, 0, 0, 0, 0, 0, 0, 0, 0, 0, 0, 0, 0, 0, 0, 0, 0, 0, 0, 0, 0, 0, 0, 0, 0, 0, 0, 0, 0, 0]
labels            = [101, 2924, 1997, 2605, 3727, 8830, 3446, 15704, 1996, 2924, 1997, 2605, 2056, 2009, 2187, 2049, 8830, 3446, 15704, 2012, 1006, -100, 1007, 102]
INFO:root:Writing example 0
INFO:root:--- Example 0 ---
INFO:root:input_ids         = ['[CLS]', 'group', 'ups', 'stake', 'in', 'tan', '##dy', 'brands', '&', 'lt', ';', 'tab', '>', 'to', '6', '.', '9', 'pc', '##t', 'a', '(', '[MASK]', ')', '[SEP]']
attention_mask    = [1, 1, 1, 1, 1, 1, 1, 1, 1, 1, 1, 1, 1, 1, 1, 1, 1, 1, 1, 1, 1, 1, 1, 1]
token_type_ids    = [0, 0, 0, 0, 0, 0, 0, 0, 0, 0, 0, 0, 0, 0, 0, 0, 0, 0, 0, 0, 0, 0, 0, 0]
mlm_labels        = [-1, -1, -1, -1, -1, -1, -1, -1, -1, -1, -1, -1, -1, -1, -1, -1, -1, -1, -1, -1, -1, 1, -1, -1]
encode_label      = [0, 1, 0, 0, 0, 0, 0, 0, 0, 0, 0, 0, 0, 0, 0, 0, 0, 0, 0, 0, 0, 0, 0, 0, 0, 0, 0, 0, 0, 0, 0, 0, 0, 0, 0, 0, 0, 0, 0, 0, 0, 0, 0, 0, 0, 0, 0, 0, 0, 0, 0, 0, 0, 0, 0, 0, 0, 0, 0, 0, 0, 0, 0, 0, 0, 0, 0, 0, 0, 0, 0, 0, 0, 0, 0, 0, 0, 0, 0, 0, 0, 0, 0, 0, 0, 0, 0, 0, 0, 0]
labels            = [101, 2177, 11139, 8406, 1999, 9092, 5149, 9639, 1004, 8318, 1025, 21628, 1028, 2000, 1020, 1012, 1023, 7473, 2102, 1037, 1006, -100, 1007, 102]
INFO:root:Writing example 0
INFO:root:--- Example 0 ---
INFO:root:input_ids         = ['[CLS]', 'white', 'house', 'standing', 'firm', 'on', 'japanese', 'sanctions', 'presidential', 'spokesman', 'mar', '##lin', 'fitz', '##water', 'said', 'u', '.', 's', '.', 'trade', '(', '[MASK]', ')', '[SEP]']
attention_mask    = [1, 1, 1, 1, 1, 1, 1, 1, 1, 1, 1, 1, 1, 1, 1, 1, 1, 1, 1, 1, 1, 1, 1, 1]
token_type_ids    = [0, 0, 0, 0, 0, 0, 0, 0, 0, 0, 0, 0, 0, 0, 0, 0, 0, 0, 0, 0, 0, 0, 0, 0]
mlm_labels        = [-1, -1, -1, -1, -1, -1, -1, -1, -1, -1, -1, -1, -1, -1, -1, -1, -1, -1, -1, -1, -1, 1, -1, -1]
encode_label      = [0, 0, 0, 0, 0, 1, 0, 0, 0, 0, 0, 0, 0, 0, 0, 0, 0, 0, 0, 0, 0, 0, 0, 0, 0, 0, 0, 0, 0, 0, 0, 0, 0, 0, 0, 0, 0, 0, 0, 0, 0, 0, 0, 0, 0, 0, 0, 0, 0, 0, 0, 0, 0, 0, 0, 0, 0, 0, 0, 0, 0, 0, 0, 0, 0, 0, 0, 0, 0, 0, 0, 0, 0, 0, 0, 0, 0, 0, 0, 0, 0, 0, 0, 0, 0, 0, 0, 0, 0, 0]
labels            = [101, 2317, 2160, 3061, 3813, 2006, 2887, 17147, 4883, 14056, 9388, 4115, 27706, 5880, 2056, 1057, 1012, 1055, 1012, 3119, 1006, -100, 1007, 102]
